-20.1560000	-4.88240143
-20.1254674	-4.86276714
-20.0949348	-4.84289128
-20.0644022	-4.82277780
-20.0338696	-4.80243062
-20.0033370	-4.78185364
-19.9728044	-4.76105072
-19.9422718	-4.74002571
-19.9117392	-4.71878243
-19.8812066	-4.69732466
-19.8506740	-4.67565619
-19.8201414	-4.65378074
-19.7896088	-4.63170205
-19.7590762	-4.60942381
-19.7285436	-4.58694968
-19.6980110	-4.56428331
-19.6674784	-4.54142833
-19.6369458	-4.51838833
-19.6064132	-4.49516687
-19.5758806	-4.47176752
-19.5453480	-4.44819379
-19.5148154	-4.42444919
-19.4842828	-4.40053718
-19.4537502	-4.37646123
-19.4232176	-4.35222476
-19.3926850	-4.32783117
-19.3621524	-4.30328385
-19.3316198	-4.27858616
-19.3010872	-4.25374142
-19.2705546	-4.22875295
-19.2400220	-4.20362405
-19.2094894	-4.17835796
-19.1789568	-4.15295794
-19.1484242	-4.12742720
-19.1178916	-4.10176893
-19.0873590	-4.07598632
-19.0568264	-4.05008250
-19.0262938	-4.02406061
-18.9957612	-3.99792375
-18.9652286	-3.97167501
-18.9346960	-3.94531743
-18.9041634	-3.91885407
-18.8736308	-3.89228792
-18.8430982	-3.86562200
-18.8125656	-3.83885925
-18.7820330	-3.81200264
-18.7515004	-3.78505510
-18.7209678	-3.75801951
-18.6904352	-3.73089877
-18.6599026	-3.70369574
-18.6293700	-3.67641325
-18.5988374	-3.64905413
-18.5683048	-3.62162117
-18.5377722	-3.59411714
-18.5072396	-3.56654479
-18.4767070	-3.53890687
-18.4461744	-3.51120607
-18.4156418	-3.48344509
-18.3851092	-3.45562660
-18.3545766	-3.42775324
-18.3240440	-3.39982764
-18.2935114	-3.37185240
-18.2629788	-3.34383012
-18.2324462	-3.31576334
-18.2019136	-3.28765463
-18.1713810	-3.25950650
-18.1408484	-3.23132145
-18.1103158	-3.20310197
-18.0797832	-3.17485051
-18.0492506	-3.14656952
-18.0187180	-3.11826143
-17.9881854	-3.08992863
-17.9576528	-3.06157350
-17.9271202	-3.03319840
-17.8965876	-3.00480569
-17.8660550	-2.97639767
-17.8355224	-2.94797666
-17.8049898	-2.91954493
-17.7744572	-2.89110474
-17.7439246	-2.86265835
-17.7133920	-2.83420798
-17.6828594	-2.80575583
-17.6523268	-2.77730408
-17.6217942	-2.74885491
-17.5912616	-2.72041046
-17.5607290	-2.69197286
-17.5301964	-2.66354422
-17.4996638	-2.63512663
-17.4691312	-2.60672216
-17.4385986	-2.57833287
-17.4080660	-2.54996079
-17.3775334	-2.52160794
-17.3470008	-2.49327631
-17.3164682	-2.46496788
-17.2859356	-2.43668462
-17.2554030	-2.40842847
-17.2248704	-2.38020135
-17.1943378	-2.35200517
-17.1638052	-2.32384182
-17.1332726	-2.29571316
-17.1027400	-2.26762105
-17.0722074	-2.23956733
-17.0416748	-2.21155381
-17.0111422	-2.18358229
-16.9806096	-2.15565455
-16.9500770	-2.12777235
-16.9195444	-2.09993745
-16.8890118	-2.07215157
-16.8584792	-2.04441642
-16.8279466	-2.01673370
-16.7974140	-1.98910509
-16.7668814	-1.96153224
-16.7363488	-1.93401680
-16.7058162	-1.90656040
-16.6752836	-1.87916464
-16.6447510	-1.85183112
-16.6142184	-1.82456141
-16.5836858	-1.79735707
-16.5531532	-1.77021964
-16.5226206	-1.74315066
-16.4920880	-1.71615163
-16.4615554	-1.68922404
-16.4310228	-1.66236937
-16.4004902	-1.63558908
-16.3699576	-1.60888462
-16.3394250	-1.58225740
-16.3088924	-1.55570886
-16.2783598	-1.52924037
-16.2478272	-1.50285333
-16.2172946	-1.47654909
-16.1867620	-1.45032901
-16.1562294	-1.42419441
-16.1256968	-1.39814662
-16.0951642	-1.37218694
-16.0646316	-1.34631665
-16.0340990	-1.32053702
-16.0035664	-1.29484931
-15.9730338	-1.26925476
-15.9425012	-1.24375459
-15.9119686	-1.21835002
-15.8814360	-1.19304224
-15.8509034	-1.16783242
-15.8203708	-1.14272174
-15.7898382	-1.11771134
-15.7593056	-1.09280236
-15.7287730	-1.06799592
-15.6982404	-1.04329312
-15.6677078	-1.01869505
-15.6371752	-0.99420280
-15.6066426	-0.96981741
-15.5761100	-0.94553995
-15.5455774	-0.92137144
-15.5150448	-0.89731291
-15.4845122	-0.87336535
-15.4539796	-0.84952976
-15.4234470	-0.82580711
-15.3929144	-0.80219837
-15.3623818	-0.77870449
-15.3318492	-0.75532639
-15.3013166	-0.73206500
-15.2707840	-0.70892124
-15.2402514	-0.68589598
-15.2097188	-0.66299011
-15.1791862	-0.64020450
-15.1486536	-0.61754000
-15.1181210	-0.59499745
-15.0875884	-0.57257767
-15.0570558	-0.55028147
-15.0265232	-0.52810967
-14.9959906	-0.50606303
-14.9654580	-0.48414234
-14.9349254	-0.46234836
-14.9043928	-0.44068183
-14.8738602	-0.41914349
-14.8433276	-0.39773405
-14.8127950	-0.37645423
-14.7822624	-0.35530472
-14.7517298	-0.33428621
-14.7211972	-0.31339937
-14.6906646	-0.29264484
-14.6601320	-0.27202329
-14.6295994	-0.25153534
-14.5990668	-0.23118162
-14.5685342	-0.21096272
-14.5380016	-0.19087926
-14.5074690	-0.17093180
-14.4769364	-0.15112093
-14.4464038	-0.13144721
-14.4158712	-0.11191118
-14.3853386	-0.09251338
-14.3548060	-0.07325433
-14.3242734	-0.05413455
-14.2937408	-0.03515453
-14.2632082	-0.01631478
-14.2326756	0.00238425
-14.2021430	0.02094207
-14.1716104	0.03935824
-14.1410778	0.05763232
-14.1105452	0.07576386
-14.0800126	0.09375245
-14.0494800	0.11159768
-14.0189474	0.12929916
-13.9884148	0.14685649
-13.9578822	0.16426929
-13.9273496	0.18153722
-13.8968170	0.19865990
-13.8662844	0.21563699
-13.8357518	0.23246818
-13.8052192	0.24915312
-13.7746866	0.26569151
-13.7441540	0.28208306
-13.7136214	0.29832746
-13.6830888	0.31442445
-13.6525562	0.33037375
-13.6220236	0.34617510
-13.5914910	0.36182825
-13.5609584	0.37733298
-13.5304258	0.39268904
-13.4998932	0.40789622
-13.4693606	0.42295432
-13.4388280	0.43786314
-13.4082954	0.45262248
-13.3777628	0.46723218
-13.3472302	0.48169206
-13.3166976	0.49600196
-13.2861650	0.51016175
-13.2556324	0.52417127
-13.2250998	0.53803040
-13.1945672	0.55173902
-13.1640346	0.56529702
-13.1335020	0.57870430
-13.1029694	0.59196077
-13.0724368	0.60506635
-13.0419042	0.61802097
-13.0113716	0.63082455
-12.9808390	0.64347705
-12.9503064	0.65597843
-12.9197738	0.66832864
-12.8892412	0.68052766
-12.8587086	0.69257548
-12.8281760	0.70447207
-12.7976434	0.71621745
-12.7671108	0.72781162
-12.7365782	0.73925460
-12.7060456	0.75054642
-12.6755130	0.76168710
-12.6449804	0.77267669
-12.6144478	0.78351525
-12.5839152	0.79420283
-12.5533826	0.80473950
-12.5228500	0.81512535
-12.4923174	0.82536044
-12.4617848	0.83544488
-12.4312522	0.84537877
-12.4007196	0.85516222
-12.3701870	0.86479534
-12.3396544	0.87427826
-12.3091218	0.88361112
-12.2785892	0.89279405
-12.2480566	0.90182721
-12.2175240	0.91071075
-12.1869914	0.91944483
-12.1564588	0.92802963
-12.1259262	0.93646533
-12.0953936	0.94475212
-12.0648610	0.95289019
-12.0343284	0.96087974
-12.0037958	0.96872098
-11.9732632	0.97641414
-11.9427306	0.98395943
-11.9121980	0.99135709
-11.8816654	0.99860736
-11.8511328	1.00571047
-11.8206002	1.01266670
-11.7900676	1.01947629
-11.7595350	1.02613951
-11.7290024	1.03265664
-11.6984698	1.03902796
-11.6679372	1.04525376
-11.6374046	1.05133433
-11.6068720	1.05726997
-11.5763394	1.06306100
-11.5458068	1.06870772
-11.5152742	1.07421045
-11.4847416	1.07956954
-11.4542090	1.08478530
-11.4236764	1.08985808
-11.3931438	1.09478824
-11.3626112	1.09957611
-11.3320786	1.10422206
-11.3015460	1.10872646
-11.2710134	1.11308969
-11.2404808	1.11731210
-11.2099482	1.12139410
-11.1794156	1.12533608
-11.1488830	1.12913842
-11.1183504	1.13280153
-11.0878178	1.13632582
-11.0572852	1.13971171
-11.0267526	1.14295961
-10.9962200	1.14606994
-10.9656874	1.14904315
-10.9351548	1.15187966
-10.9046222	1.15457993
-10.8740896	1.15714438
-10.8435570	1.15957349
-10.8130244	1.16186771
-10.7824918	1.16402750
-10.7519592	1.16605333
-10.7214266	1.16794568
-10.6908940	1.16970503
-10.6603614	1.17133186
-10.6298288	1.17282666
-10.5992962	1.17418994
-10.5687636	1.17542218
-10.5382310	1.17652389
-10.5076984	1.17749560
-10.4771658	1.17833780
-10.4466332	1.17905102
-10.4161006	1.17963579
-10.3855680	1.18009264
-10.3550354	1.18042209
-10.3245028	1.18062470
-10.2939702	1.18070100
-10.2634376	1.18065154
-10.2329050	1.18047688
-10.2023724	1.18017757
-10.1718398	1.17975417
-10.1413072	1.17920726
-10.1107746	1.17853739
-10.0802420	1.17774516
-10.0497094	1.17683113
-10.0191768	1.17579588
-9.9886442	1.17464002
-9.9581116	1.17336412
-9.9275790	1.17196879
-9.8970464	1.17045463
-9.8665138	1.16882223
-9.8359812	1.16707221
-9.8054486	1.16520518
-9.7749160	1.16322174
-9.7443834	1.16112254
-9.7138508	1.15890818
-9.6833182	1.15657929
-9.6527856	1.15413650
-9.6222530	1.15158046
-9.5917204	1.14891179
-9.5611878	1.14613113
-9.5306552	1.14323914
-9.5001226	1.14023646
-9.4695900	1.13712374
-9.4390574	1.13390164
-9.4085248	1.13057081
-9.3779922	1.12713192
-9.3474596	1.12358563
-9.3169270	1.11993261
-9.2863944	1.11617354
-9.2558618	1.11230908
-9.2253292	1.10833991
-9.1947966	1.10426672
-9.1642640	1.10009018
-9.1337314	1.09581099
-9.1031988	1.09142984
-9.0726662	1.08694741
-9.0421336	1.08236440
-9.0116010	1.07768151
-8.9810684	1.07289945
-8.9505358	1.06801890
-8.9200032	1.06304058
-8.8894706	1.05796521
-8.8589380	1.05279348
-8.8284054	1.04752611
-8.7978728	1.04216383
-8.7673402	1.03670734
-8.7368076	1.03115737
-8.7062750	1.02551465
-8.6757424	1.01977989
-8.6452098	1.01395383
-8.6146772	1.00803720
-8.5841446	1.00203073
-8.5536120	0.99593515
-8.5230794	0.98975120
-8.4925468	0.98347963
-8.4620142	0.97712116
-8.4314816	0.97067655
-8.4009490	0.96414654
-8.3704164	0.95753188
-8.3398838	0.95083332
-8.3093512	0.94405160
-8.2788186	0.93718748
-8.2482860	0.93024171
-8.2177534	0.92321506
-8.1872208	0.91610827
-8.1566882	0.90892211
-8.1261556	0.90165735
-8.0956230	0.89431473
-8.0650904	0.88689502
-8.0345578	0.87939900
-8.0040252	0.87182743
-7.9734926	0.86418108
-7.9429600	0.85646072
-7.9124274	0.84866711
-7.8818948	0.84080104
-7.8513622	0.83286327
-7.8208296	0.82485459
-7.7902970	0.81677577
-7.7597644	0.80862758
-7.7292318	0.80041081
-7.6986992	0.79212624
-7.6681666	0.78377465
-7.6376340	0.77535681
-7.6071014	0.76687352
-7.5765688	0.75832555
-7.5460362	0.74971370
-7.5155036	0.74103875
-7.4849710	0.73230148
-7.4544384	0.72350268
-7.4239058	0.71464315
-7.3933732	0.70572367
-7.3628406	0.69674503
-7.3323080	0.68770802
-7.3017754	0.67861344
-7.2712428	0.66946207
-7.2407102	0.66025471
-7.2101776	0.65099215
-7.1796450	0.64167518
-7.1491124	0.63230461
-7.1185798	0.62288122
-7.0880472	0.61340580
-7.0575146	0.60387916
-7.0269820	0.59430209
-6.9964494	0.58467539
-6.9659168	0.57499985
-6.9353842	0.56527627
-6.9048516	0.55550544
-6.8743190	0.54568816
-6.8437864	0.53582524
-6.8132538	0.52591746
-6.7827212	0.51596562
-6.7521886	0.50597052
-6.7216560	0.49593297
-6.6911234	0.48585375
-6.6605908	0.47573366
-6.6300582	0.46557350
-6.5995256	0.45537407
-6.5689930	0.44513616
-6.5384604	0.43486057
-6.5079278	0.42454810
-6.4773952	0.41419955
-6.4468626	0.40381570
-6.4163300	0.39339736
-6.3857974	0.38294532
-6.3552648	0.37246038
-6.3247322	0.36194332
-6.2941996	0.35139495
-6.2636670	0.34081606
-6.2331344	0.33020743
-6.2026018	0.31956987
-6.1720692	0.30890417
-6.1415366	0.29821112
-6.1110040	0.28749150
-6.0804714	0.27674611
-6.0499388	0.26597574
-6.0194062	0.25518117
-5.9888736	0.24436320
-5.9583410	0.23352262
-5.9278084	0.22266020
-5.8972758	0.21177674
-5.8667432	0.20087301
-5.8362106	0.18994981
-5.8056780	0.17900792
-5.7751454	0.16804811
-5.7446128	0.15707118
-5.7140802	0.14607790
-5.6835476	0.13506904
-5.6530150	0.12404540
-5.6224824	0.11300773
-5.5919498	0.10195683
-5.5614172	0.09089347
-5.5308846	0.07981841
-5.5003520	0.06873244
-5.4698194	0.05763631
-5.4392868	0.04653081
-5.4087542	0.03541671
-5.3782216	0.02429476
-5.3476890	0.01316573
-5.3171564	0.00203040
-5.2866238	-0.00911049
-5.2560912	-0.02025615
-5.2255586	-0.03140585
-5.1950260	-0.04255880
-5.1644934	-0.05371427
-5.1339608	-0.06487149
-5.1034282	-0.07602971
-5.0728956	-0.08718817
-5.0423630	-0.09834613
-5.0118304	-0.10950283
-4.9812978	-0.12065753
-4.9507652	-0.13180947
-4.9202326	-0.14295793
-4.8897000	-0.15410214
-4.8591674	-0.16524138
-4.8286348	-0.17637490
-4.7981022	-0.18750196
-4.7675696	-0.19862184
-4.7370370	-0.20973378
-4.7065044	-0.22083707
-4.6759718	-0.23193098
-4.6454392	-0.24301477
-4.6149066	-0.25408772
-4.5843740	-0.26514910
-4.5538414	-0.27619819
-4.5233088	-0.28723428
-4.4927762	-0.29825664
-4.4622436	-0.30926456
-4.4317110	-0.32025733
-4.4011784	-0.33123422
-4.3706458	-0.34219454
-4.3401132	-0.35313757
-4.3095806	-0.36406262
-4.2790480	-0.37496896
-4.2485154	-0.38585592
-4.2179828	-0.39672278
-4.1874502	-0.40756885
-4.1569176	-0.41839344
-4.1263850	-0.42919586
-4.0958524	-0.43997541
-4.0653198	-0.45073141
-4.0347872	-0.46146317
-4.0042546	-0.47217001
-3.9737220	-0.48285126
-3.9431894	-0.49350623
-3.9126568	-0.50413425
-3.8821242	-0.51473465
-3.8515916	-0.52530675
-3.8210590	-0.53584990
-3.7905264	-0.54636342
-3.7599938	-0.55684666
-3.7294612	-0.56729895
-3.6989286	-0.57771964
-3.6683960	-0.58810807
-3.6378634	-0.59846360
-3.6073308	-0.60878557
-3.5767982	-0.61907333
-3.5462656	-0.62932625
-3.5157330	-0.63954368
-3.4852004	-0.64972499
-3.4546678	-0.65986954
-3.4241352	-0.66997669
-3.3936026	-0.68004582
-3.3630700	-0.69007631
-3.3325374	-0.70006752
-3.3020048	-0.71001885
-3.2714722	-0.71992966
-3.2409396	-0.72979934
-3.2104070	-0.73962729
-3.1798744	-0.74941290
-3.1493418	-0.75915555
-3.1188092	-0.76885465
-3.0882766	-0.77850959
-3.0577440	-0.78811978
-3.0272114	-0.79768462
-2.9966788	-0.80720353
-2.9661462	-0.81667591
-2.9356136	-0.82610118
-2.9050810	-0.83547876
-2.8745484	-0.84480808
-2.8440158	-0.85408855
-2.8134832	-0.86331960
-2.7829506	-0.87250067
-2.7524180	-0.88163119
-2.7218854	-0.89071059
-2.6913528	-0.89973833
-2.6608202	-0.90871384
-2.6302876	-0.91763656
-2.5997550	-0.92650596
-2.5692224	-0.93532149
-2.5386898	-0.94408259
-2.5081572	-0.95278875
-2.4776246	-0.96143940
-2.4470920	-0.97003404
-2.4165594	-0.97857212
-2.3860268	-0.98705312
-2.3554942	-0.99547652
-2.3249616	-1.00384180
-2.2944290	-1.01214845
-2.2638964	-1.02039594
-2.2333638	-1.02858379
-2.2028312	-1.03671147
-2.1722986	-1.04477849
-2.1417660	-1.05278435
-2.1112334	-1.06072857
-2.0807008	-1.06861063
-2.0501682	-1.07643007
-2.0196356	-1.08418639
-1.9891030	-1.09187912
-1.9585704	-1.09950778
-1.9280378	-1.10707190
-1.8975052	-1.11457101
-1.8669726	-1.12200464
-1.8364400	-1.12937234
-1.8059074	-1.13667364
-1.7753748	-1.14390809
-1.7448422	-1.15107524
-1.7143096	-1.15817464
-1.6837770	-1.16520586
-1.6532444	-1.17216845
-1.6227118	-1.17906197
-1.5921792	-1.18588600
-1.5616466	-1.19264011
-1.5311140	-1.19932387
-1.5005814	-1.20593686
-1.4700488	-1.21247868
-1.4395162	-1.21894890
-1.4089836	-1.22534711
-1.3784510	-1.23167292
-1.3479184	-1.23792591
-1.3173858	-1.24410570
-1.2868532	-1.25021190
-1.2563206	-1.25624410
-1.2257880	-1.26220194
-1.1952554	-1.26808502
-1.1647228	-1.27389297
-1.1341902	-1.27962541
-1.1036576	-1.28528198
-1.0731250	-1.29086231
-1.0425924	-1.29636605
-1.0120598	-1.30179282
-0.9815272	-1.30714229
-0.9509946	-1.31241409
-0.9204620	-1.31760789
-0.8899294	-1.32272335
-0.8593968	-1.32776012
-0.8288642	-1.33271788
-0.7983316	-1.33759629
-0.7677990	-1.34239504
-0.7372664	-1.34711379
-0.7067338	-1.35175224
-0.6762012	-1.35631007
-0.6456686	-1.36078697
-0.6151360	-1.36518264
-0.5846034	-1.36949678
-0.5540708	-1.37372909
-0.5235382	-1.37787928
-0.4930056	-1.38194706
-0.4624730	-1.38593216
-0.4319404	-1.38983428
-0.4014078	-1.39365316
-0.3708752	-1.39738853
-0.3403426	-1.40104011
-0.3098100	-1.40460765
-0.2792774	-1.40809089
-0.2487448	-1.41148957
-0.2182122	-1.41480345
-0.1876796	-1.41803227
-0.1571470	-1.42117581
-0.1266144	-1.42423381
-0.0960818	-1.42720605
-0.0655492	-1.43009230
-0.0350166	-1.43289234
-0.0044840	-1.43560594
0.0260486	-1.43823290
0.0565812	-1.44077299
0.0871138	-1.44322601
0.1176464	-1.44559177
0.1481790	-1.44787006
0.1787116	-1.45006068
0.2092442	-1.45216346
0.2397768	-1.45417819
0.2703094	-1.45610471
0.3008420	-1.45794284
0.3313746	-1.45969239
0.3619072	-1.46135322
0.3924398	-1.46292514
0.4229724	-1.46440801
0.4535050	-1.46580167
0.4840376	-1.46710597
0.5145702	-1.46832076
0.5451028	-1.46944590
0.5756354	-1.47048125
0.6061680	-1.47142668
0.6367006	-1.47228207
0.6672332	-1.47304729
0.6977658	-1.47372221
0.7282984	-1.47430673
0.7588310	-1.47480073
0.7893636	-1.47520411
0.8198962	-1.47551677
0.8504288	-1.47573860
0.8809614	-1.47586952
0.9114940	-1.47590943
0.9420266	-1.47585826
0.9725592	-1.47571592
1.0030918	-1.47548234
1.0336244	-1.47515744
1.0641570	-1.47474117
1.0946896	-1.47423345
1.1252222	-1.47363424
1.1557548	-1.47294347
1.1862874	-1.47216110
1.2168200	-1.47128709
1.2473526	-1.47032140
1.2778852	-1.46926398
1.3084178	-1.46811482
1.3389504	-1.46687388
1.3694830	-1.46554114
1.4000156	-1.46411659
1.4305482	-1.46260021
1.4610808	-1.46099200
1.4916134	-1.45929194
1.5221460	-1.45750005
1.5526786	-1.45561632
1.5832112	-1.45364077
1.6137438	-1.45157341
1.6442764	-1.44941426
1.6748090	-1.44716334
1.7053416	-1.44482067
1.7358742	-1.44238630
1.7664068	-1.43986026
1.7969394	-1.43724258
1.8274720	-1.43453332
1.8580046	-1.43173252
1.8885372	-1.42884024
1.9190698	-1.42585653
1.9496024	-1.42278147
1.9801350	-1.41961511
2.0106676	-1.41635753
2.0412002	-1.41300881
2.0717328	-1.40956903
2.1022654	-1.40603827
2.1327980	-1.40241662
2.1633306	-1.39870418
2.1938632	-1.39490105
2.2243958	-1.39100733
2.2549284	-1.38702313
2.2854610	-1.38294855
2.3159936	-1.37878373
2.3465262	-1.37452877
2.3770588	-1.37018381
2.4075914	-1.36574897
2.4381240	-1.36122439
2.4686566	-1.35661021
2.4991892	-1.35190657
2.5297218	-1.34711361
2.5602544	-1.34223150
2.5907870	-1.33726039
2.6213196	-1.33220044
2.6518522	-1.32705182
2.6823848	-1.32181468
2.7129174	-1.31648922
2.7434500	-1.31107561
2.7739826	-1.30557403
2.8045152	-1.29998466
2.8350478	-1.29430771
2.8655804	-1.28854337
2.8961130	-1.28269183
2.9266456	-1.27675330
2.9571782	-1.27072800
2.9877108	-1.26461614
3.0182434	-1.25841793
3.0487760	-1.25213360
3.0793086	-1.24576337
3.1098412	-1.23930748
3.1403738	-1.23276616
3.1709064	-1.22613965
3.2014390	-1.21942820
3.2319716	-1.21263205
3.2625042	-1.20575146
3.2930368	-1.19878668
3.3235694	-1.19173798
3.3541020	-1.18460562
3.3846346	-1.17738987
3.4151672	-1.17009101
3.4456998	-1.16270931
3.4762324	-1.15524507
3.5067650	-1.14769856
3.5372976	-1.14007007
3.5678302	-1.13235991
3.5983628	-1.12456837
3.6288954	-1.11669576
3.6594280	-1.10874239
3.6899606	-1.10070856
3.7204932	-1.09259460
3.7510258	-1.08440082
3.7815584	-1.07612756
3.8120910	-1.06777514
3.8426236	-1.05934389
3.8731562	-1.05083416
3.9036888	-1.04224628
3.9342214	-1.03358061
3.9647540	-1.02483748
3.9952866	-1.01601726
4.0258192	-1.00712031
4.0563518	-0.99814698
4.0868844	-0.98909765
4.1174170	-0.97997269
4.1479496	-0.97077246
4.1784822	-0.96149736
4.2090148	-0.95214775
4.2395474	-0.94272404
4.2700800	-0.93322661
4.3006126	-0.92365586
4.3311452	-0.91401218
4.3616778	-0.90429598
4.3922104	-0.89450767
4.4227430	-0.88464766
4.4532756	-0.87471637
4.4838082	-0.86471421
4.5143408	-0.85464160
4.5448734	-0.84449898
4.5754060	-0.83428677
4.6059386	-0.82400542
4.6364712	-0.81365536
4.6670038	-0.80323703
4.6975364	-0.79275088
4.7280690	-0.78219736
4.7586016	-0.77157693
4.7891342	-0.76089005
4.8196668	-0.75013717
4.8501994	-0.73931876
4.8807320	-0.72843530
4.9112646	-0.71748726
4.9417972	-0.70647511
4.9723298	-0.69539934
5.0028624	-0.68426044
5.0333950	-0.67305888
5.0639276	-0.66179517
5.0944602	-0.65046980
5.1249928	-0.63908328
5.1555254	-0.62763610
5.1860580	-0.61612877
5.2165906	-0.60456182
5.2471232	-0.59293574
5.2776558	-0.58125106
5.3081884	-0.56950830
5.3387210	-0.55770799
5.3692536	-0.54585066
5.3997862	-0.53393684
5.4303188	-0.52196707
5.4608514	-0.50994189
5.4913840	-0.49786184
5.5219166	-0.48572747
5.5524492	-0.47353933
5.5829818	-0.46129798
5.6135144	-0.44900397
5.6440470	-0.43665788
5.6745796	-0.42426025
5.7051122	-0.41181166
5.7356448	-0.39931268
5.7661774	-0.38676390
5.7967100	-0.37416587
5.8272426	-0.36151920
5.8577752	-0.34882446
5.8883078	-0.33608225
5.9188404	-0.32329315
5.9493730	-0.31045776
5.9799056	-0.29757669
6.0104382	-0.28465052
6.0409708	-0.27167988
6.0715034	-0.25866536
6.1020360	-0.24560759
6.1325686	-0.23250716
6.1631012	-0.21936471
6.1936338	-0.20618086
6.2241664	-0.19295623
6.2546990	-0.17969144
6.2852316	-0.16638713
6.3157642	-0.15304394
6.3462968	-0.13966250
6.3768294	-0.12624345
6.4073620	-0.11278743
6.4378946	-0.09929510
6.4684272	-0.08576710
6.4989598	-0.07220408
6.5294924	-0.05860671
6.5600250	-0.04497563
6.5905576	-0.03131151
6.6210902	-0.01761502
6.6516228	-0.00388682
6.6821554	0.00987242
6.7126880	0.02366202
6.7432206	0.03748131
6.7737532	0.05132961
6.8042858	0.06520624
6.8348184	0.07911050
6.8653510	0.09304173
6.8958836	0.10699922
6.9264162	0.12098228
6.9569488	0.13499021
6.9874814	0.14902233
7.0180140	0.16307792
7.0485466	0.17715628
7.0790792	0.19125671
7.1096118	0.20537850
7.1401444	0.21952094
7.1706770	0.23368331
7.2012096	0.24786490
7.2317422	0.26206498
7.2622748	0.27628284
7.2928074	0.29051774
7.3233400	0.30476898
7.3538726	0.31903580
7.3844052	0.33331749
7.4149378	0.34761331
7.4454704	0.36192253
7.4760030	0.37624440
7.5065356	0.39057818
7.5370682	0.40492313
7.5676008	0.41927851
7.5981334	0.43364356
7.6286660	0.44801754
7.6591986	0.46239969
7.6897312	0.47678927
7.7202638	0.49118550
7.7507964	0.50558764
7.7813290	0.51999493
7.8118616	0.53440659
7.8423942	0.54882187
7.8729268	0.56323999
7.9034594	0.57766020
7.9339920	0.59208170
7.9645246	0.60650375
7.9950572	0.62092555
8.0255898	0.63534633
8.0561224	0.64976531
8.0866550	0.66418172
8.1171876	0.67859476
8.1477202	0.69300366
8.1782528	0.70740762
8.2087854	0.72180586
8.2393180	0.73619758
8.2698506	0.75058201
8.3003832	0.76495834
8.3309158	0.77932577
8.3614484	0.79368351
8.3919810	0.80803077
8.4225136	0.82236674
8.4530462	0.83669062
8.4835788	0.85100161
8.5141114	0.86529889
8.5446440	0.87958168
8.5751766	0.89384915
8.6057092	0.90810050
8.6362418	0.92233492
8.6667744	0.93655159
8.6973070	0.95074971
8.7278396	0.96492846
8.7583722	0.97908701
8.7889048	0.99322456
8.8194374	1.00734029
8.8499700	1.02143337
8.8805026	1.03550299
8.9110352	1.04954832
8.9415678	1.06356853
8.9721004	1.07756282
9.0026330	1.09153034
9.0331656	1.10547027
9.0636982	1.11938178
9.0942308	1.13326405
9.1247634	1.14711625
9.1552960	1.16093754
9.1858286	1.17472710
9.2163612	1.18848408
9.2468938	1.20220767
9.2774264	1.21589701
9.3079590	1.22955129
9.3384916	1.24316965
9.3690242	1.25675127
9.3995568	1.27029532
9.4300894	1.28380094
9.4606220	1.29726730
9.4911546	1.31069356
9.5216872	1.32407889
9.5522198	1.33742244
9.5827524	1.35072337
9.6132850	1.36398084
9.6438176	1.37719401
9.6743502	1.39036204
9.7048828	1.40348408
9.7354154	1.41655928
9.7659480	1.42958682
9.7964806	1.44256583
9.8270132	1.45549549
9.8575458	1.46837493
9.8880784	1.48120333
9.9186110	1.49397983
9.9491436	1.50670359
9.9796762	1.51937376
10.0102088	1.53198951
10.0407414	1.54454997
10.0712740	1.55705432
10.1018066	1.56950170
10.1323392	1.58189126
10.1628718	1.59422217
10.1934044	1.60649357
10.2239370	1.61870463
10.2544696	1.63085450
10.2850022	1.64294232
10.3155348	1.65496727
10.3460674	1.66692849
10.3766000	1.67882514
10.4071326	1.69065638
10.4376652	1.70242136
10.4681978	1.71411925
10.4987304	1.72574919
10.5292630	1.73731035
10.5597956	1.74880188
10.5903282	1.76022295
10.6208608	1.77157271
10.6513934	1.78285033
10.6819260	1.79405496
10.7124586	1.80518578
10.7429912	1.81624193
10.7735238	1.82722258
10.8040564	1.83812690
10.8345890	1.84895405
10.8651216	1.85970320
10.8956542	1.87037351
10.9261868	1.88096415
10.9567194	1.89147429
10.9872520	1.90190310
11.0177846	1.91224974
11.0483172	1.92251340
11.0788498	1.93269324
11.1093824	1.94278843
11.1399150	1.95279816
11.1704476	1.96272159
11.2009802	1.97255790
11.2315128	1.98230628
11.2620454	1.99196590
11.2925780	2.00153594
11.3231106	2.01101559
11.3536432	2.02040403
11.3841758	2.02970044
11.4147084	2.03890402
11.4452410	2.04801395
11.4757736	2.05702941
11.5063062	2.06594961
11.5368388	2.07477374
11.5673714	2.08350098
11.5979040	2.09213055
11.6284366	2.10066163
11.6589692	2.10909342
11.6895018	2.11742514
11.7200344	2.12565598
11.7505670	2.13378514
11.7810996	2.14181185
11.8116322	2.14973530
11.8421648	2.15755471
11.8726974	2.16526929
11.9032300	2.17287826
11.9337626	2.18038084
11.9642952	2.18777625
11.9948278	2.19506371
12.0253604	2.20224245
12.0558930	2.20931168
12.0864256	2.21627066
12.1169582	2.22311860
12.1474908	2.22985473
12.1780234	2.23647831
12.2085560	2.24298856
12.2390886	2.24938473
12.2696212	2.25566607
12.3001538	2.26183182
12.3306864	2.26788123
12.3612190	2.27381355
12.3917516	2.27962804
12.4222842	2.28532397
12.4528168	2.29090058
12.4833494	2.29635714
12.5138820	2.30169293
12.5444146	2.30690721
12.5749472	2.31199925
12.6054798	2.31696833
12.6360124	2.32181373
12.6665450	2.32653474
12.6970776	2.33113063
12.7276102	2.33560070
12.7581428	2.33994423
12.7886754	2.34416053
12.8192080	2.34824890
12.8497406	2.35220863
12.8802732	2.35603902
12.9108058	2.35973940
12.9413384	2.36330907
12.9718710	2.36674735
13.0024036	2.37005356
13.0329362	2.37322702
13.0634688	2.37626706
13.0940014	2.37917300
13.1245340	2.38194419
13.1550666	2.38457997
13.1855992	2.38707967
13.2161318	2.38944264
13.2466644	2.39166824
13.2771970	2.39375581
13.3077296	2.39570472
13.3382622	2.39751432
13.3687948	2.39918399
13.3993274	2.40071309
13.4298600	2.40210101
13.4603926	2.40334711
13.4909252	2.40445079
13.5214578	2.40541143
13.5519904	2.40622842
13.5825230	2.40690116
13.6130556	2.40742906
13.6435882	2.40781151
13.6741208	2.40804794
13.7046534	2.40813775
13.7351860	2.40808036
13.7657186	2.40787520
13.7962512	2.40752170
13.8267838	2.40701930
13.8573164	2.40636743
13.8878490	2.40556554
13.9183816	2.40461307
13.9489142	2.40350948
13.9794468	2.40225423
14.0099794	2.40084679
14.0405120	2.39928662
14.0710446	2.39757320
14.1015772	2.39570601
14.1321098	2.39368454
14.1626424	2.39150827
14.1931750	2.38917670
14.2237076	2.38668933
14.2542402	2.38404568
14.2847728	2.38124524
14.3153054	2.37828755
14.3458380	2.37517213
14.3763706	2.37189850
14.4069032	2.36846620
14.4374358	2.36487477
14.4679684	2.36112376
14.4985010	2.35721273
14.5290336	2.35314122
14.5595662	2.34890881
14.5900988	2.34451507
14.6206314	2.33995957
14.6511640	2.33524190
14.6816966	2.33036165
14.7122292	2.32531841
14.7427618	2.32011178
14.7732944	2.31474138
14.8038270	2.30920681
14.8343596	2.30350771
14.8648922	2.29764369
14.8954248	2.29161439
14.9259574	2.28541945
14.9564900	2.27905853
14.9870226	2.27253126
15.0175552	2.26583732
15.0480878	2.25897638
15.0786204	2.25194810
15.1091530	2.24475217
15.1396856	2.23738828
15.1702182	2.22985612
15.2007508	2.22215540
15.2312834	2.21428582
15.2618160	2.20624710
15.2923486	2.19803897
15.3228812	2.18966116
15.3534138	2.18111341
15.3839464	2.17239546
15.4144790	2.16350707
15.4450116	2.15444799
15.4755442	2.14521800
15.5060768	2.13581688
15.5366094	2.12624440
15.5671420	2.11650036
15.5976746	2.10658455
15.6282072	2.09649679
15.6587398	2.08623690
15.6892724	2.07580468
15.7198050	2.06519998
15.7503376	2.05442263
15.7808702	2.04347248
15.8114028	2.03234939
15.8419354	2.02105322
15.8724680	2.00958383
15.9030006	1.99794112
15.9335332	1.98612496
15.9640658	1.97413526
15.9945984	1.96197192
16.0251310	1.94963486
16.0556636	1.93712399
16.0861962	1.92443925
16.1167288	1.91158057
16.1472614	1.89854791
16.1777940	1.88534123
16.2083266	1.87196048
16.2388592	1.85840565
16.2693918	1.84467671
16.2999244	1.83077366
16.3304570	1.81669651
16.3609896	1.80244526
16.3915222	1.78801994
16.4220548	1.77342056
16.4525874	1.75864718
16.4831200	1.74369984
16.5136526	1.72857860
16.5441852	1.71328353
16.5747178	1.69781470
16.6052504	1.68217219
16.6357830	1.66635611
16.6663156	1.65036657
16.6968482	1.63420366
16.7273808	1.61786753
16.7579134	1.60135831
16.7884460	1.58467613
16.8189786	1.56782117
16.8495112	1.55079357
16.8800438	1.53359353
16.9105764	1.51622121
16.9411090	1.49867683
16.9716416	1.48096058
17.0021742	1.46307268
17.0327068	1.44501335
17.0632394	1.42678284
17.0937720	1.40838140
17.1243046	1.38980928
17.1548372	1.37106674
17.1853698	1.35215408
17.2159024	1.33307158
17.2464350	1.31381954
17.2769676	1.29439827
17.3075002	1.27480810
17.3380328	1.25504936
17.3685654	1.23512240
17.3990980	1.21502758
17.4296306	1.19476525
17.4601632	1.17433581
17.4906958	1.15373963
17.5212284	1.13297713
17.5517610	1.11204871
17.5822936	1.09095480
17.6128262	1.06969584
17.6433588	1.04827227
17.6738914	1.02668456
17.7044240	1.00493316
17.7349566	0.98301858
17.7654892	0.96094130
17.7960218	0.93870182
17.8265544	0.91630068
17.8570870	0.89373839
17.8876196	0.87101550
17.9181522	0.84813257
17.9486848	0.82509016
17.9792174	0.80188886
18.0097500	0.77852925
18.0402826	0.75501195
18.0708152	0.73133756
18.1013478	0.70750671
18.1318804	0.68352006
18.1624130	0.65937825
18.1929456	0.63508195
18.2234782	0.61063185
18.2540108	0.58602863
18.2845434	0.56127300
18.3150760	0.53636568
18.3456086	0.51130740
18.3761412	0.48609892
18.4066738	0.46074098
18.4372064	0.43523437
18.4677390	0.40957985
18.4982716	0.38377824
18.5288042	0.35783035
18.5593368	0.33173700
18.5898694	0.30549903
18.6204020	0.27911730
18.6509346	0.25259266
18.6814672	0.22592601
18.7119998	0.19911823
18.7425324	0.17217024
18.7730650	0.14508295
18.8035976	0.11785731
18.8341302	0.09049425
18.8646628	0.06299476
18.8951954	0.03535980
18.9257280	0.00759037
18.9562606	-0.02031252
18.9867932	-0.04834785
19.0173258	-0.07651459
19.0478584	-0.10481168
19.0783910	-0.13323806
19.1089236	-0.16179264
19.1394562	-0.19047434
19.1699888	-0.21928204
19.2005214	-0.24821461
19.2310540	-0.27727092
19.2615866	-0.30644982
19.2921192	-0.33575012
19.3226518	-0.36517065
19.3531844	-0.39471020
19.3837170	-0.42436756
19.4142496	-0.45414150
19.4447822	-0.48403077
19.4753148	-0.51403411
19.5058474	-0.54415024
19.5363800	-0.57437787
19.5669126	-0.60471568
19.5974452	-0.63516235
19.6279778	-0.66571655
19.6585104	-0.69637691
19.6890430	-0.72714205
19.7195756	-0.75801060
19.7501082	-0.78898115
19.7806408	-0.82005227
19.8111734	-0.85122252
19.8417060	-0.88249046
19.8722386	-0.91385461
19.9027712	-0.94531348
19.9333038	-0.97686558
19.9638364	-1.00850937
19.9943690	-1.04024332
20.0249016	-1.07206589
20.0554342	-1.10397549
20.0859668	-1.13597054
20.1164994	-1.16804944
20.1470320	-1.20021056
20.1775646	-1.23245226
20.2080972	-1.26477290
20.2386298	-1.29717078
20.2691624	-1.32964423
20.2996950	-1.36219154
20.3302276	-1.39481098
20.3607602	-1.42750080
20.3912928	-1.46025925
20.4218254	-1.49308454
20.4523580	-1.52597489
20.4828906	-1.55892847
20.5134232	-1.59194345
20.5439558	-1.62501798
20.5744884	-1.65815020
20.6050210	-1.69133822
20.6355536	-1.72458013
20.6660862	-1.75787401
20.6966188	-1.79121791
20.7271514	-1.82460989
20.7576840	-1.85804795
20.7882166	-1.89153011
20.8187492	-1.92505434
20.8492818	-1.95861861
20.8798144	-1.99222087
20.9103470	-2.02585905
20.9408796	-2.05953105
20.9714122	-2.09323477
21.0019448	-2.12696807
21.0324774	-2.16072881
21.0630100	-2.19451482
21.0935426	-2.22832391
21.1240752	-2.26215387
21.1546078	-2.29600248
21.1851404	-2.32986750
21.2156730	-2.36374665
21.2462056	-2.39763765
21.2767382	-2.43153820
21.3072708	-2.46544597
21.3378034	-2.49935862
21.3683360	-2.53327379
21.3988686	-2.56718908
21.4294012	-2.60110210
21.4599338	-2.63501041
21.4904664	-2.66891157
21.5209990	-2.70280313
21.5515316	-2.73668258
21.5820642	-2.77054742
21.6125968	-2.80439513
21.6431294	-2.83822316
21.6736620	-2.87202893
21.7041946	-2.90580986
21.7347272	-2.93956334
21.7652598	-2.97328673
21.7957924	-3.00697738
21.8263250	-3.04063262
21.8568576	-3.07424975
21.8873902	-3.10782605
21.9179228	-3.14135879
21.9484554	-3.17484521
21.9789880	-3.20828252
22.0095206	-3.24166792
22.0400532	-3.27499859
22.0705858	-3.30827168
22.1011184	-3.34148432
22.1316510	-3.37463363
22.1621836	-3.40771668
22.1927162	-3.44073054
22.2232488	-3.47367227
22.2537814	-3.50653887
22.2843140	-3.53932735
22.3148466	-3.57203469
22.3453792	-3.60465783
22.3759118	-3.63719371
22.4064444	-3.66963923
22.4369770	-3.70199129
22.4675096	-3.73424674
22.4980422	-3.76640242
22.5285748	-3.79845516
22.5591074	-3.83040174
22.5896400	-3.86223894
22.6201726	-3.89396350
22.6507052	-3.92557215
22.6812378	-3.95706158
22.7117704	-3.98842848
22.7423030	-4.01966950
22.7728356	-4.05078127
22.8033682	-4.08176039
22.8339008	-4.11260345
22.8644334	-4.14330700
22.8949660	-4.17386758
22.9254986	-4.20428170
22.9560312	-4.23454585
22.9865638	-4.26465649
23.0170964	-4.29461005
23.0476290	-4.32440296
23.0781616	-4.35403159
23.1086942	-4.38349231
23.1392268	-4.41278147
23.1697594	-4.44189537
23.2002920	-4.47083032
23.2308246	-4.49958256
23.2613572	-4.52814835
23.2918898	-4.55652390
23.3224224	-4.58470540
23.3529550	-4.61268901
23.3834876	-4.64047088
23.4140202	-4.66804711
23.4445528	-4.69541380
23.4750854	-4.72256701
23.5056180	-4.74950278
23.5361506	-4.77621712
23.5666832	-4.80270601
23.5972158	-4.82896542
23.6277484	-4.85499128
23.6582810	-4.88077949
23.6888136	-4.90632595
23.7193462	-4.93162651
23.7498788	-4.95667698
23.7804114	-4.98147319
23.8109440	-5.00601090
23.8414766	-5.03028587
23.8720092	-5.05429382
23.9025418	-5.07803044
23.9330744	-5.10149141
23.9636070	-5.12467236
23.9941396	-5.14756892
24.0246722	-5.17017667
24.0552048	-5.19249117
24.0857374	-5.21450796
24.1162700	-5.23622255
24.1468026	-5.25763041
24.1773352	-5.27872700
24.2078678	-5.29950774
24.2384004	-5.31996802
24.2689330	-5.34010323
24.2994656	-5.35990869
24.3299982	-5.37937972
24.3605308	-5.39851161
24.3910634	-5.41729961
24.4215960	-5.43573895
24.4521286	-5.45382484
24.4826612	-5.47155244
24.5131938	-5.48891690
24.5437264	-5.50591333
24.5742590	-5.52253682
24.6047916	-5.53878242
24.6353242	-5.55464517
24.6658568	-5.57012007
24.6963894	-5.58520208
24.7269220	-5.59988614
24.7574546	-5.61416718
24.7879872	-5.62804007
24.8185198	-5.64149967
24.8490524	-5.65454080
24.8795850	-5.66715825
24.9101176	-5.67934680
24.9406502	-5.69110117
24.9711828	-5.70241607
25.0017154	-5.71328618
25.0322480	-5.72370614
25.0627806	-5.73367058
25.0933132	-5.74317406
25.1238458	-5.75221116
25.1543784	-5.76077639
25.1849110	-5.76886425
25.2154436	-5.77646920
25.2459762	-5.78358568
25.2765088	-5.79020809
25.3070414	-5.79633079
25.3375740	-5.80194814
25.3681066	-5.80705443
25.3986392	-5.81164395
25.4291718	-5.81571095
25.4597044	-5.81924964
25.4902370	-5.82225421
25.5207696	-5.82471881
25.5513022	-5.82663756
25.5818348	-5.82800455
25.6123674	-5.82881384
25.6429000	-5.82905946
25.6734326	-5.82873540
25.7039652	-5.82783562
25.7344978	-5.82635406
25.7650304	-5.82428461
